#method1: vacuum energy + spring energy
#method2: vacuum energy + dieletric energy
#number of atoms[0] method1 [1]         method2 [2]   relative error[3]
             0000008       6.8582504e-04       3.8532363e-04       4.3816045e-01
             0000027       2.3016009e-03       1.4900893e-03       3.5258569e-01
             0000064       5.4462919e-03       3.8682460e-03       2.8974685e-01
             0000125       1.0628431e-02       8.0285267e-03       2.4461788e-01
             0000216       1.8356882e-02       1.4479830e-02       2.1120428e-01
             0000343       2.9140558e-02       2.3731079e-02       1.8563401e-01
             0000512       4.3488382e-02       3.6291203e-02       1.6549660e-01
             0000729       6.1909283e-02       5.2669131e-02       1.4925309e-01
             0001000       8.4912192e-02       7.3373797e-02       1.3588620e-01
             0001331       1.1300604e-01       9.8914134e-02       1.2470048e-01
             0001728       1.4669976e-01       1.2979907e-01       1.1520599e-01
             0002197       1.8650229e-01       1.6653755e-01       1.0704825e-01
             0002744       2.3292256e-01       2.0963849e-01       9.9964832e-02
             0003375       2.8646950e-01       2.5961084e-01       9.3757467e-02
             0004096       3.4765204e-01       3.1696352e-01       8.8273647e-02
             0004913       4.1697912e-01       3.8220548e-01       8.3394202e-02
             0005832       4.9495967e-01       4.5584563e-01       7.9024695e-02
             0006859       5.8210262e-01       5.3839292e-01       7.5089340e-02
             0008000       6.7891692e-01       6.3035628e-01       7.1526625e-02
             0009261       7.8591148e-01       7.3224464e-01       6.8286110e-02
             0010648       9.0359525e-01       8.4456694e-01       6.5326050e-02
             0012167       1.0324772e+00       9.6783210e-01       6.2611601e-02
             0013824       1.1730661e+00       1.1025491e+00       6.0113452e-02
             0015625       1.3258711e+00       1.2492268e+00       5.7806773e-02
             0017576       1.4914010e+00       1.4083741e+00       5.5670389e-02
             0019683       1.6701648e+00       1.5805001e+00       5.3686132e-02
             0021952       1.8626714e+00       1.7661136e+00       5.1838327e-02
             0024389       2.0694297e+00       1.9657236e+00       5.0113380e-02
             0027000       2.2909487e+00       2.1798390e+00       4.8499443e-02
             0029791       2.5277373e+00       2.4089687e+00       4.6986141e-02
             0032768       2.7803045e+00       2.6536217e+00       4.5564355e-02
             0035937       3.0491591e+00       2.9143069e+00       4.4226030e-02
             0039304       3.3348101e+00       3.1915332e+00       4.2964034e-02
             0042875       3.6377665e+00       3.4858096e+00       4.1772020e-02
             0046656       3.9585371e+00       3.7976450e+00       4.0644329e-02
             0050653       4.2976309e+00       4.1275483e+00       3.9575893e-02
             0054872       4.6555569e+00       4.4760285e+00       3.8562164e-02
             0059319       5.0328239e+00       4.8435945e+00       3.7599047e-02
             0064000       5.4299410e+00       5.2307553e+00       3.6682845e-02
             0068921       5.8474169e+00       5.6380197e+00       3.5810214e-02
             0074088       6.2857608e+00       6.0658967e+00       3.4978120e-02
             0079507       6.7454814e+00       6.5148952e+00       3.4183802e-02
             0085184       7.2270878e+00       6.9855243e+00       3.3424746e-02
             0091125       7.7310889e+00       7.4782927e+00       3.2698657e-02
             0097336       8.2579936e+00       7.9937094e+00       3.2003432e-02
             0103823       8.8083108e+00       8.5322835e+00       3.1337145e-02
             0110592       9.3825494e+00       9.0945237e+00       3.0698028e-02
             0117649       9.9812185e+00       9.6809390e+00       3.0084451e-02
             0125000       1.0604827e+01       1.0292038e+01       2.9494915e-02
             0132651       1.1253884e+01       1.0928331e+01       2.8928034e-02
             0140608       1.1928898e+01       1.1590325e+01       2.8382526e-02
             0148877       1.2630378e+01       1.2278531e+01       2.7857207e-02
             0157464       1.3358833e+01       1.2993456e+01       2.7350975e-02
             0166375       1.4114772e+01       1.3735609e+01       2.6862810e-02
             0175616       1.4898704e+01       1.4505501e+01       2.6391761e-02
             0185193       1.5711138e+01       1.5303639e+01       2.5936943e-02
             0195112       1.6552582e+01       1.6130532e+01       2.5497533e-02
             0205379       1.7423547e+01       1.6986690e+01       2.5072761e-02
             0216000       1.8324540e+01       1.7872622e+01       2.4661907e-02
             0226981       1.9256071e+01       1.8788836e+01       2.4264298e-02
             0238328       2.0218648e+01       1.9735841e+01       2.3879304e-02
             0250047       2.1212781e+01       2.0714146e+01       2.3506334e-02
             0262144       2.2238978e+01       2.1724260e+01       2.3144834e-02
             0274625       2.3297748e+01       2.2766693e+01       2.2794283e-02
             0287496       2.4389601e+01       2.3841952e+01       2.2454191e-02
             0300763       2.5515045e+01       2.4950548e+01       2.2124096e-02
             0314432       2.6674589e+01       2.6092988e+01       2.1803564e-02
             0328509       2.7868742e+01       2.7269782e+01       2.1492186e-02
             0343000       2.9098014e+01       2.8481439e+01       2.1189576e-02
             0357911       3.0362912e+01       2.9728468e+01       2.0895367e-02
             0373248       3.1663946e+01       3.1011377e+01       2.0609215e-02
             0389017       3.3001624e+01       3.2330675e+01       2.0330794e-02
             0405224       3.4376457e+01       3.3686872e+01       2.0059794e-02
             0421875       3.5788952e+01       3.5080477e+01       1.9795923e-02
             0438976       3.7239619e+01       3.6511998e+01       1.9538903e-02
             0456533       3.8728966e+01       3.7981944e+01       1.9288471e-02
             0474552       4.0257503e+01       3.9490824e+01       1.9044377e-02
             0493039       4.1825738e+01       4.1039148e+01       1.8806382e-02
             0512000       4.3434181e+01       4.2627423e+01       1.8574262e-02
             0531441       4.5083340e+01       4.4256160e+01       1.8347802e-02
             0551368       4.6773724e+01       4.5925866e+01       1.8126796e-02
             0571787       4.8505842e+01       4.7637051e+01       1.7911051e-02
             0592704       5.0280203e+01       4.9390225e+01       1.7700380e-02
             0614125       5.2097317e+01       5.1185894e+01       1.7494607e-02
             0636056       5.3957691e+01       5.3024570e+01       1.7293563e-02
             0658503       5.5861835e+01       5.4906760e+01       1.7097087e-02
             0681472       5.7810258e+01       5.6832974e+01       1.6905025e-02
             0704969       5.9803468e+01       5.8803720e+01       1.6717229e-02
             0729000       6.1841976e+01       6.0819507e+01       1.6533560e-02
             0753571       6.3926288e+01       6.2880845e+01       1.6353882e-02
             0778688       6.6056916e+01       6.4988243e+01       1.6178068e-02
             0804357       6.8234367e+01       6.7142208e+01       1.6005993e-02
             0830584       7.0459150e+01       6.9343250e+01       1.5837540e-02
             0857375       7.2731775e+01       7.1591879e+01       1.5672595e-02
             0884736       7.5052750e+01       7.3888603e+01       1.5511050e-02
             0912673       7.7422584e+01       7.6233930e+01       1.5352802e-02
             0941192       7.9841786e+01       7.8628370e+01       1.5197749e-02
             0970299       8.2310865e+01       8.1072433e+01       1.5045797e-02
